Sample	Chromosome	Start	End	Num_Probes	Segment_Mean
AQUAE_p_TCGA_112_304_b2_N_GenomeWideSNP_6_D10_1348300	1	61735	16815530	8682	-0.2028
AQUAE_p_TCGA_112_304_b2_N_GenomeWideSNP_6_D10_1348300	1	16816090	17005978	56	-0.633
AQUAE_p_TCGA_112_304_b2_N_GenomeWideSNP_6_D10_1348300	1	17011450	17016880	17	0.1804
AQUAE_p_TCGA_112_304_b2_N_GenomeWideSNP_6_D10_1348300	1	17017078	17314702	124	-0.4645
AQUAE_p_TCGA_112_304_b2_N_GenomeWideSNP_6_D10_1348300	1	17319778	21639625	2910	-0.1917
AQUAE_p_TCGA_112_304_b2_N_GenomeWideSNP_6_D10_1348300	1	21639935	21640124	3	-1.8015
AQUAE_p_TCGA_112_304_b2_N_GenomeWideSNP_6_D10_1348300	1	21640395	21703826	45	-0.1511
AQUAE_p_TCGA_112_304_b2_N_GenomeWideSNP_6_D10_1348300	1	21704437	21784299	39	-0.4598
AQUAE_p_TCGA_112_304_b2_N_GenomeWideSNP_6_D10_1348300	1	21790721	22152194	223	-0.1923
AQUAE_p_TCGA_112_304_b2_N_GenomeWideSNP_6_D10_1348300	1	22160111	22160257	2	-2.5129
AQUAE_p_TCGA_112_304_b2_N_GenomeWideSNP_6_D10_1348300	1	22164164	35102654	6963	-0.1759
AQUAE_p_TCGA_112_304_b2_N_GenomeWideSNP_6_D10_1348300	1	35102670	35104491	19	-1.8031
AQUAE_p_TCGA_112_304_b2_N_GenomeWideSNP_6_D10_1348300	1	35114268	49914123	8348	-0.1762
AQUAE_p_TCGA_112_304_b2_N_GenomeWideSNP_6_D10_1348300	1	49914932	49997863	28	-1.826
AQUAE_p_TCGA_112_304_b2_N_GenomeWideSNP_6_D10_1348300	1	49999266	72750353	15294	-0.1886
AQUAE_p_TCGA_112_304_b2_N_GenomeWideSNP_6_D10_1348300	1	72756113	72763370	9	-2.4642
AQUAE_p_TCGA_112_304_b2_N_GenomeWideSNP_6_D10_1348300	1	72768418	72811148	48	0.9171
AQUAE_p_TCGA_112_304_b2_N_GenomeWideSNP_6_D10_1348300	1	72811904	104102788	19898	-0.1797
AQUAE_p_TCGA_112_304_b2_N_GenomeWideSNP_6_D10_1348300	1	104103057	104178038	32	0.4634
AQUAE_p_TCGA_112_304_b2_N_GenomeWideSNP_6_D10_1348300	1	104221531	106019205	934	-0.1456
AQUAE_p_TCGA_112_304_b2_N_GenomeWideSNP_6_D10_1348300	1	106019236	106022375	16	-1.6989
AQUAE_p_TCGA_112_304_b2_N_GenomeWideSNP_6_D10_1348300	1	106024055	112696193	4607	-0.1681
AQUAE_p_TCGA_112_304_b2_N_GenomeWideSNP_6_D10_1348300	1	112696273	112705956	23	0.3728
AQUAE_p_TCGA_112_304_b2_N_GenomeWideSNP_6_D10_1348300	1	112706060	120527395	5022	-0.1861
AQUAE_p_TCGA_112_304_b2_N_GenomeWideSNP_6_D10_1348300	1	120540804	120631643	14	-0.973
AQUAE_p_TCGA_112_304_b2_N_GenomeWideSNP_6_D10_1348300	1	120633448	144949070	240	-0.2541
AQUAE_p_TCGA_112_304_b2_N_GenomeWideSNP_6_D10_1348300	1	144949975	145113866	59	-0.7504
AQUAE_p_TCGA_112_304_b2_N_GenomeWideSNP_6_D10_1348300	1	145115485	152555767	2641	-0.1977
AQUAE_p_TCGA_112_304_b2_N_GenomeWideSNP_6_D10_1348300	1	152555795	152586594	33	-1.1885
AQUAE_p_TCGA_112_304_b2_N_GenomeWideSNP_6_D10_1348300	1	152590494	152759678	168	-0.1655
AQUAE_p_TCGA_112_304_b2_N_GenomeWideSNP_6_D10_1348300	1	152761923	152768700	37	-1.1931
AQUAE_p_TCGA_112_304_b2_N_GenomeWideSNP_6_D10_1348300	1	152773905	169216937	11237	-0.1738
AQUAE_p_TCGA_112_304_b2_N_GenomeWideSNP_6_D10_1348300	1	169233974	169241766	6	-1.6044
AQUAE_p_TCGA_112_304_b2_N_GenomeWideSNP_6_D10_1348300	1	169242401	196714873	18058	-0.1715
AQUAE_p_TCGA_112_304_b2_N_GenomeWideSNP_6_D10_1348300	1	196727850	196732086	4	-2.0372
AQUAE_p_TCGA_112_304_b2_N_GenomeWideSNP_6_D10_1348300	1	196738623	248587826	35519	-0.1847
AQUAE_p_TCGA_112_304_b2_N_GenomeWideSNP_6_D10_1348300	1	248592872	248660552	25	-0.7528
AQUAE_p_TCGA_112_304_b2_N_GenomeWideSNP_6_D10_1348300	1	248683400	248808557	54	-0.0574
AQUAE_p_TCGA_112_304_b2_N_GenomeWideSNP_6_D10_1348300	1	248808864	248825263	6	0.8163
AQUAE_p_TCGA_112_304_b2_N_GenomeWideSNP_6_D10_1348300	1	248825820	249224388	137	-0.2365
AQUAE_p_TCGA_112_304_b2_N_GenomeWideSNP_6_D10_1348300	2	12784	3201417	2238	-0.2218
AQUAE_p_TCGA_112_304_b2_N_GenomeWideSNP_6_D10_1348300	2	3202997	3203745	2	2.0141
AQUAE_p_TCGA_112_304_b2_N_GenomeWideSNP_6_D10_1348300	2	3203852	34170507	21291	-0.1756
AQUAE_p_TCGA_112_304_b2_N_GenomeWideSNP_6_D10_1348300	2	34172477	34174627	2	-2.2028
AQUAE_p_TCGA_112_304_b2_N_GenomeWideSNP_6_D10_1348300	2	34174901	34675467	394	-0.1916
AQUAE_p_TCGA_112_304_b2_N_GenomeWideSNP_6_D10_1348300	2	34681494	34737057	50	-1.6276
AQUAE_p_TCGA_112_304_b2_N_GenomeWideSNP_6_D10_1348300	2	34737163	41238988	4790	-0.1699
AQUAE_p_TCGA_112_304_b2_N_GenomeWideSNP_6_D10_1348300	2	41242597	41245887	14	-1.8214
AQUAE_p_TCGA_112_304_b2_N_GenomeWideSNP_6_D10_1348300	2	41251233	44916344	2595	-0.1665
AQUAE_p_TCGA_112_304_b2_N_GenomeWideSNP_6_D10_1348300	2	44916373	44916904	2	-2.0183
AQUAE_p_TCGA_112_304_b2_N_GenomeWideSNP_6_D10_1348300	2	44919364	46992591	1693	-0.1574
AQUAE_p_TCGA_112_304_b2_N_GenomeWideSNP_6_D10_1348300	2	46997435	46997881	2	-2.7677
AQUAE_p_TCGA_112_304_b2_N_GenomeWideSNP_6_D10_1348300	2	46998417	52736614	3821	-0.1792
AQUAE_p_TCGA_112_304_b2_N_GenomeWideSNP_6_D10_1348300	2	52736636	52787949	53	0.1793
AQUAE_p_TCGA_112_304_b2_N_GenomeWideSNP_6_D10_1348300	2	52790140	87514379	21960	-0.1737
AQUAE_p_TCGA_112_304_b2_N_GenomeWideSNP_6_D10_1348300	2	87514390	87520356	2	-2.1337
AQUAE_p_TCGA_112_304_b2_N_GenomeWideSNP_6_D10_1348300	2	87521205	88052330	90	-0.2629
AQUAE_p_TCGA_112_304_b2_N_GenomeWideSNP_6_D10_1348300	2	88134764	88193611	10	0.5416
AQUAE_p_TCGA_112_304_b2_N_GenomeWideSNP_6_D10_1348300	2	88218743	90321397	818	-0.2037
AQUAE_p_TCGA_112_304_b2_N_GenomeWideSNP_6_D10_1348300	2	91618895	91849290	56	-0.6226
AQUAE_p_TCGA_112_304_b2_N_GenomeWideSNP_6_D10_1348300	2	91858949	106883229	6525	-0.1747
AQUAE_p_TCGA_112_304_b2_N_GenomeWideSNP_6_D10_1348300	2	106883331	106884979	5	-2.0878
AQUAE_p_TCGA_112_304_b2_N_GenomeWideSNP_6_D10_1348300	2	106885013	207569803	59953	-0.1654
AQUAE_p_TCGA_112_304_b2_N_GenomeWideSNP_6_D10_1348300	2	207570122	207574567	2	-2.7236
AQUAE_p_TCGA_112_304_b2_N_GenomeWideSNP_6_D10_1348300	2	207574944	213186549	3553	-0.1677
AQUAE_p_TCGA_112_304_b2_N_GenomeWideSNP_6_D10_1348300	2	213187203	213189366	6	-4.8711
AQUAE_p_TCGA_112_304_b2_N_GenomeWideSNP_6_D10_1348300	2	213189994	213191825	18	-1.5982
AQUAE_p_TCGA_112_304_b2_N_GenomeWideSNP_6_D10_1348300	2	213192126	243089456	18938	-0.1755
AQUAE_p_TCGA_112_304_b2_N_GenomeWideSNP_6_D10_1348300	3	60345	71462797	49525	-0.1879
AQUAE_p_TCGA_112_304_b2_N_GenomeWideSNP_6_D10_1348300	3	71464332	71464335	2	-2.9143
AQUAE_p_TCGA_112_304_b2_N_GenomeWideSNP_6_D10_1348300	3	71469845	74635097	2398	-0.1806
AQUAE_p_TCGA_112_304_b2_N_GenomeWideSNP_6_D10_1348300	3	74646892	74647267	2	-2.8127
AQUAE_p_TCGA_112_304_b2_N_GenomeWideSNP_6_D10_1348300	3	74649185	82856755	4545	-0.1858
AQUAE_p_TCGA_112_304_b2_N_GenomeWideSNP_6_D10_1348300	3	82857365	82873043	11	-0.9342
AQUAE_p_TCGA_112_304_b2_N_GenomeWideSNP_6_D10_1348300	3	82881045	95456106	4988	-0.1757
AQUAE_p_TCGA_112_304_b2_N_GenomeWideSNP_6_D10_1348300	3	95466880	95468110	2	-2.6426
AQUAE_p_TCGA_112_304_b2_N_GenomeWideSNP_6_D10_1348300	3	95468680	162513092	40650	-0.1776
AQUAE_p_TCGA_112_304_b2_N_GenomeWideSNP_6_D10_1348300	3	162513149	162625995	67	-1.3228
AQUAE_p_TCGA_112_304_b2_N_GenomeWideSNP_6_D10_1348300	3	162626572	177190711	8912	-0.184
AQUAE_p_TCGA_112_304_b2_N_GenomeWideSNP_6_D10_1348300	3	177193106	177194714	4	-1.815
AQUAE_p_TCGA_112_304_b2_N_GenomeWideSNP_6_D10_1348300	3	177196081	192877902	10119	-0.189
AQUAE_p_TCGA_112_304_b2_N_GenomeWideSNP_6_D10_1348300	3	192877962	192882903	19	1.3457
AQUAE_p_TCGA_112_304_b2_N_GenomeWideSNP_6_D10_1348300	3	192886435	197896118	2693	-0.1931
AQUAE_p_TCGA_112_304_b2_N_GenomeWideSNP_6_D10_1348300	4	12281	10210390	5756	-0.2152
AQUAE_p_TCGA_112_304_b2_N_GenomeWideSNP_6_D10_1348300	4	10223416	10230797	22	-2.0797
AQUAE_p_TCGA_112_304_b2_N_GenomeWideSNP_6_D10_1348300	4	10230812	10231498	6	-0.9403
AQUAE_p_TCGA_112_304_b2_N_GenomeWideSNP_6_D10_1348300	4	10234214	10386973	173	-0.2095
AQUAE_p_TCGA_112_304_b2_N_GenomeWideSNP_6_D10_1348300	4	10390122	10400668	18	0.3519
AQUAE_p_TCGA_112_304_b2_N_GenomeWideSNP_6_D10_1348300	4	10402718	12151463	1458	-0.1937
AQUAE_p_TCGA_112_304_b2_N_GenomeWideSNP_6_D10_1348300	4	12154508	12162141	3	-2.3038
AQUAE_p_TCGA_112_304_b2_N_GenomeWideSNP_6_D10_1348300	4	12165924	34786500	15213	-0.1916
AQUAE_p_TCGA_112_304_b2_N_GenomeWideSNP_6_D10_1348300	4	34786955	34824725	37	-1.8657
AQUAE_p_TCGA_112_304_b2_N_GenomeWideSNP_6_D10_1348300	4	34829872	53738411	9505	-0.1805
AQUAE_p_TCGA_112_304_b2_N_GenomeWideSNP_6_D10_1348300	4	53738516	53738524	2	-2.7597
AQUAE_p_TCGA_112_304_b2_N_GenomeWideSNP_6_D10_1348300	4	53739262	69372003	9832	-0.1787
AQUAE_p_TCGA_112_304_b2_N_GenomeWideSNP_6_D10_1348300	4	69374941	69536788	70	0.4417
AQUAE_p_TCGA_112_304_b2_N_GenomeWideSNP_6_D10_1348300	4	69537152	115173700	27505	-0.1755
AQUAE_p_TCGA_112_304_b2_N_GenomeWideSNP_6_D10_1348300	4	115175323	115184252	25	0.7845
AQUAE_p_TCGA_112_304_b2_N_GenomeWideSNP_6_D10_1348300	4	115184266	152789393	21958	-0.1778
AQUAE_p_TCGA_112_304_b2_N_GenomeWideSNP_6_D10_1348300	4	152789786	152792567	13	-3.9486
AQUAE_p_TCGA_112_304_b2_N_GenomeWideSNP_6_D10_1348300	4	152792891	153976955	731	-0.1609
AQUAE_p_TCGA_112_304_b2_N_GenomeWideSNP_6_D10_1348300	4	153977828	153979179	3	-1.9823
AQUAE_p_TCGA_112_304_b2_N_GenomeWideSNP_6_D10_1348300	4	153980805	161880141	5085	-0.1658
AQUAE_p_TCGA_112_304_b2_N_GenomeWideSNP_6_D10_1348300	4	161880197	161884908	18	-1.7366
AQUAE_p_TCGA_112_304_b2_N_GenomeWideSNP_6_D10_1348300	4	161884919	172989148	7025	-0.1743
AQUAE_p_TCGA_112_304_b2_N_GenomeWideSNP_6_D10_1348300	4	172989166	173000821	15	0.6889
AQUAE_p_TCGA_112_304_b2_N_GenomeWideSNP_6_D10_1348300	4	173001831	191027923	12014	-0.1995
AQUAE_p_TCGA_112_304_b2_N_GenomeWideSNP_6_D10_1348300	5	15532	717525	311	0.5843
AQUAE_p_TCGA_112_304_b2_N_GenomeWideSNP_6_D10_1348300	5	717561	722396	4	1.5787
AQUAE_p_TCGA_112_304_b2_N_GenomeWideSNP_6_D10_1348300	5	724727	742689	11	0.7632
AQUAE_p_TCGA_112_304_b2_N_GenomeWideSNP_6_D10_1348300	5	761016	852566	39	-0.1398
AQUAE_p_TCGA_112_304_b2_N_GenomeWideSNP_6_D10_1348300	5	863797	21449276	15302	0.6363
AQUAE_p_TCGA_112_304_b2_N_GenomeWideSNP_6_D10_1348300	5	21451200	21452438	5	-1.4102
AQUAE_p_TCGA_112_304_b2_N_GenomeWideSNP_6_D10_1348300	5	21452496	21573438	38	0.341
AQUAE_p_TCGA_112_304_b2_N_GenomeWideSNP_6_D10_1348300	5	21573620	46271108	14897	0.6544
AQUAE_p_TCGA_112_304_b2_N_GenomeWideSNP_6_D10_1348300	5	46271930	46273502	6	-1.5582
AQUAE_p_TCGA_112_304_b2_N_GenomeWideSNP_6_D10_1348300	5	46278212	57321646	5044	0.6553
AQUAE_p_TCGA_112_304_b2_N_GenomeWideSNP_6_D10_1348300	5	57326027	57332916	28	2.6609
AQUAE_p_TCGA_112_304_b2_N_GenomeWideSNP_6_D10_1348300	5	57332955	114756455	33955	0.6653
AQUAE_p_TCGA_112_304_b2_N_GenomeWideSNP_6_D10_1348300	5	114756637	114756862	5	-0.6247
AQUAE_p_TCGA_112_304_b2_N_GenomeWideSNP_6_D10_1348300	5	114759078	140218722	15720	0.6601
AQUAE_p_TCGA_112_304_b2_N_GenomeWideSNP_6_D10_1348300	5	140223836	140243756	13	-1.7841
AQUAE_p_TCGA_112_304_b2_N_GenomeWideSNP_6_D10_1348300	5	140252163	151514171	7483	0.6636
AQUAE_p_TCGA_112_304_b2_N_GenomeWideSNP_6_D10_1348300	5	151515386	151518351	14	-0.1948
AQUAE_p_TCGA_112_304_b2_N_GenomeWideSNP_6_D10_1348300	5	151520271	173640197	15317	0.6562
AQUAE_p_TCGA_112_304_b2_N_GenomeWideSNP_6_D10_1348300	5	173640709	173641495	5	-0.4259
AQUAE_p_TCGA_112_304_b2_N_GenomeWideSNP_6_D10_1348300	5	173646014	178925843	3024	0.6631
AQUAE_p_TCGA_112_304_b2_N_GenomeWideSNP_6_D10_1348300	5	178928761	178936722	6	-0.8524
AQUAE_p_TCGA_112_304_b2_N_GenomeWideSNP_6_D10_1348300	5	178937392	180372168	843	0.6671
AQUAE_p_TCGA_112_304_b2_N_GenomeWideSNP_6_D10_1348300	5	180374484	180442441	24	0.1476
AQUAE_p_TCGA_112_304_b2_N_GenomeWideSNP_6_D10_1348300	5	180442920	180790320	166	0.6279
AQUAE_p_TCGA_112_304_b2_N_GenomeWideSNP_6_D10_1348300	6	149661	294837	124	-0.2413
AQUAE_p_TCGA_112_304_b2_N_GenomeWideSNP_6_D10_1348300	6	302306	384521	82	0.1857
AQUAE_p_TCGA_112_304_b2_N_GenomeWideSNP_6_D10_1348300	6	384546	29837072	21374	-0.1937
AQUAE_p_TCGA_112_304_b2_N_GenomeWideSNP_6_D10_1348300	6	29837187	29874642	22	0.7672
AQUAE_p_TCGA_112_304_b2_N_GenomeWideSNP_6_D10_1348300	6	29874709	29908469	16	0.1821
AQUAE_p_TCGA_112_304_b2_N_GenomeWideSNP_6_D10_1348300	6	29914220	31280823	638	-0.1648
AQUAE_p_TCGA_112_304_b2_N_GenomeWideSNP_6_D10_1348300	6	31286276	31317697	13	0.5502
AQUAE_p_TCGA_112_304_b2_N_GenomeWideSNP_6_D10_1348300	6	31318164	32501299	514	-0.3155
AQUAE_p_TCGA_112_304_b2_N_GenomeWideSNP_6_D10_1348300	6	32508476	32536398	9	-1.5234
AQUAE_p_TCGA_112_304_b2_N_GenomeWideSNP_6_D10_1348300	6	32538579	32624304	37	0.0168
AQUAE_p_TCGA_112_304_b2_N_GenomeWideSNP_6_D10_1348300	6	32624591	32626618	5	-1.5548
AQUAE_p_TCGA_112_304_b2_N_GenomeWideSNP_6_D10_1348300	6	32650612	49820119	10842	-0.1861
AQUAE_p_TCGA_112_304_b2_N_GenomeWideSNP_6_D10_1348300	6	49829310	49829702	2	-2.5281
AQUAE_p_TCGA_112_304_b2_N_GenomeWideSNP_6_D10_1348300	6	49830276	67038046	8258	-0.192
AQUAE_p_TCGA_112_304_b2_N_GenomeWideSNP_6_D10_1348300	6	67040913	67043192	7	-2.7086
AQUAE_p_TCGA_112_304_b2_N_GenomeWideSNP_6_D10_1348300	6	67043235	69502611	1719	-0.1453
AQUAE_p_TCGA_112_304_b2_N_GenomeWideSNP_6_D10_1348300	6	69503099	69503366	4	-1.5047
AQUAE_p_TCGA_112_304_b2_N_GenomeWideSNP_6_D10_1348300	6	69508690	74591858	3252	-0.1753
AQUAE_p_TCGA_112_304_b2_N_GenomeWideSNP_6_D10_1348300	6	74592225	74597341	9	0.8241
AQUAE_p_TCGA_112_304_b2_N_GenomeWideSNP_6_D10_1348300	6	74601410	77014948	1465	-0.1628
AQUAE_p_TCGA_112_304_b2_N_GenomeWideSNP_6_D10_1348300	6	77016900	77016926	3	1.3768
AQUAE_p_TCGA_112_304_b2_N_GenomeWideSNP_6_D10_1348300	6	77016993	77429695	290	-0.1372
AQUAE_p_TCGA_112_304_b2_N_GenomeWideSNP_6_D10_1348300	6	77429730	77468588	28	0.3821
AQUAE_p_TCGA_112_304_b2_N_GenomeWideSNP_6_D10_1348300	6	77468623	78962889	965	-0.177
AQUAE_p_TCGA_112_304_b2_N_GenomeWideSNP_6_D10_1348300	6	78969065	79035174	109	0.3952
AQUAE_p_TCGA_112_304_b2_N_GenomeWideSNP_6_D10_1348300	6	79035185	103734829	15366	-0.1831
AQUAE_p_TCGA_112_304_b2_N_GenomeWideSNP_6_D10_1348300	6	103737976	103762061	46	-0.9733
AQUAE_p_TCGA_112_304_b2_N_GenomeWideSNP_6_D10_1348300	6	103765470	128825271	15190	-0.1792
AQUAE_p_TCGA_112_304_b2_N_GenomeWideSNP_6_D10_1348300	6	128828268	128829399	6	-5.1057
AQUAE_p_TCGA_112_304_b2_N_GenomeWideSNP_6_D10_1348300	6	128830303	160772900	21249	-0.1769
AQUAE_p_TCGA_112_304_b2_N_GenomeWideSNP_6_D10_1348300	6	160774459	160774928	3	-2.0124
AQUAE_p_TCGA_112_304_b2_N_GenomeWideSNP_6_D10_1348300	6	160775525	167594184	5290	-0.2055
AQUAE_p_TCGA_112_304_b2_N_GenomeWideSNP_6_D10_1348300	6	167597245	167609283	9	-1.4084
AQUAE_p_TCGA_112_304_b2_N_GenomeWideSNP_6_D10_1348300	6	167614104	171051005	2108	-0.2441
AQUAE_p_TCGA_112_304_b2_N_GenomeWideSNP_6_D10_1348300	7	43355	5341340	2789	-0.2114
AQUAE_p_TCGA_112_304_b2_N_GenomeWideSNP_6_D10_1348300	7	5341519	5341570	2	-2.6472
AQUAE_p_TCGA_112_304_b2_N_GenomeWideSNP_6_D10_1348300	7	5341735	16700447	8564	-0.1901
AQUAE_p_TCGA_112_304_b2_N_GenomeWideSNP_6_D10_1348300	7	16700798	16701844	9	-2.3097
AQUAE_p_TCGA_112_304_b2_N_GenomeWideSNP_6_D10_1348300	7	16709708	54380373	26922	-0.1942
AQUAE_p_TCGA_112_304_b2_N_GenomeWideSNP_6_D10_1348300	7	54386505	54386517	6	-1.6793
AQUAE_p_TCGA_112_304_b2_N_GenomeWideSNP_6_D10_1348300	7	54393488	63110385	2431	-0.2119
AQUAE_p_TCGA_112_304_b2_N_GenomeWideSNP_6_D10_1348300	7	63110854	63112265	5	-2.4458
AQUAE_p_TCGA_112_304_b2_N_GenomeWideSNP_6_D10_1348300	7	63112295	64594065	685	-0.2151
AQUAE_p_TCGA_112_304_b2_N_GenomeWideSNP_6_D10_1348300	7	64594341	64651349	9	-1.4045
AQUAE_p_TCGA_112_304_b2_N_GenomeWideSNP_6_D10_1348300	7	64651640	91357869	15122	-0.204
AQUAE_p_TCGA_112_304_b2_N_GenomeWideSNP_6_D10_1348300	7	91358294	91358771	4	1.5839
AQUAE_p_TCGA_112_304_b2_N_GenomeWideSNP_6_D10_1348300	7	91358789	109441244	10356	-0.1882
AQUAE_p_TCGA_112_304_b2_N_GenomeWideSNP_6_D10_1348300	7	109441629	109453910	10	-1.7607
AQUAE_p_TCGA_112_304_b2_N_GenomeWideSNP_6_D10_1348300	7	109453982	119122498	5818	-0.1941
AQUAE_p_TCGA_112_304_b2_N_GenomeWideSNP_6_D10_1348300	7	119123418	119124131	2	1.6946
AQUAE_p_TCGA_112_304_b2_N_GenomeWideSNP_6_D10_1348300	7	119124687	126045651	4151	-0.1875
AQUAE_p_TCGA_112_304_b2_N_GenomeWideSNP_6_D10_1348300	7	126045686	126046615	9	-1.076
AQUAE_p_TCGA_112_304_b2_N_GenomeWideSNP_6_D10_1348300	7	126046876	133785177	4672	-0.2009
AQUAE_p_TCGA_112_304_b2_N_GenomeWideSNP_6_D10_1348300	7	133785195	133798109	32	0.4553
AQUAE_p_TCGA_112_304_b2_N_GenomeWideSNP_6_D10_1348300	7	133798543	142474939	5649	-0.1881
AQUAE_p_TCGA_112_304_b2_N_GenomeWideSNP_6_D10_1348300	7	142476719	142486045	27	-1.9319
AQUAE_p_TCGA_112_304_b2_N_GenomeWideSNP_6_D10_1348300	7	142486115	143909445	841	-0.1902
AQUAE_p_TCGA_112_304_b2_N_GenomeWideSNP_6_D10_1348300	7	143911624	144066947	39	-0.9626
AQUAE_p_TCGA_112_304_b2_N_GenomeWideSNP_6_D10_1348300	7	144074929	147713993	2384	-0.1947
AQUAE_p_TCGA_112_304_b2_N_GenomeWideSNP_6_D10_1348300	7	147714781	147716165	5	-2.8353
AQUAE_p_TCGA_112_304_b2_N_GenomeWideSNP_6_D10_1348300	7	147717262	159127004	7242	-0.2171
AQUAE_p_TCGA_112_304_b2_N_GenomeWideSNP_6_D10_1348300	8	31254	3787060	3404	0.6194
AQUAE_p_TCGA_112_304_b2_N_GenomeWideSNP_6_D10_1348300	8	3787389	3790106	22	-0.3107
AQUAE_p_TCGA_112_304_b2_N_GenomeWideSNP_6_D10_1348300	8	3791218	6988926	4319	0.6248
AQUAE_p_TCGA_112_304_b2_N_GenomeWideSNP_6_D10_1348300	8	6995117	7039853	11	0.0373
AQUAE_p_TCGA_112_304_b2_N_GenomeWideSNP_6_D10_1348300	8	7043340	7186632	7	0.7045
AQUAE_p_TCGA_112_304_b2_N_GenomeWideSNP_6_D10_1348300	8	7186646	7238019	26	-0.1234
AQUAE_p_TCGA_112_304_b2_N_GenomeWideSNP_6_D10_1348300	8	7250380	146298155	87465	0.6437
AQUAE_p_TCGA_112_304_b2_N_GenomeWideSNP_6_D10_1348300	9	46587	9886503	9388	-0.1942
AQUAE_p_TCGA_112_304_b2_N_GenomeWideSNP_6_D10_1348300	9	9893626	9893740	2	-4.4414
AQUAE_p_TCGA_112_304_b2_N_GenomeWideSNP_6_D10_1348300	9	9894432	41733631	21670	-0.1866
AQUAE_p_TCGA_112_304_b2_N_GenomeWideSNP_6_D10_1348300	9	41842529	41985187	9	-1.4446
AQUAE_p_TCGA_112_304_b2_N_GenomeWideSNP_6_D10_1348300	9	42023107	44727859	115	-0.1674
AQUAE_p_TCGA_112_304_b2_N_GenomeWideSNP_6_D10_1348300	9	44729751	44837527	33	-1.5427
AQUAE_p_TCGA_112_304_b2_N_GenomeWideSNP_6_D10_1348300	9	44840918	129989993	42188	-0.1892
AQUAE_p_TCGA_112_304_b2_N_GenomeWideSNP_6_D10_1348300	9	129990431	130002630	8	-1.7525
AQUAE_p_TCGA_112_304_b2_N_GenomeWideSNP_6_D10_1348300	9	130003735	141091394	5831	-0.1754
AQUAE_p_TCGA_112_304_b2_N_GenomeWideSNP_6_D10_1348300	10	72759	24377674	19078	-0.1917
AQUAE_p_TCGA_112_304_b2_N_GenomeWideSNP_6_D10_1348300	10	24377675	24378054	10	-2.0105
AQUAE_p_TCGA_112_304_b2_N_GenomeWideSNP_6_D10_1348300	10	24378908	46070052	12178	-0.1986
AQUAE_p_TCGA_112_304_b2_N_GenomeWideSNP_6_D10_1348300	10	46072872	46076235	5	-4.1688
AQUAE_p_TCGA_112_304_b2_N_GenomeWideSNP_6_D10_1348300	10	46080336	47771030	430	-0.3325
AQUAE_p_TCGA_112_304_b2_N_GenomeWideSNP_6_D10_1348300	10	47897394	47913401	3	-2.1861
AQUAE_p_TCGA_112_304_b2_N_GenomeWideSNP_6_D10_1348300	10	47948060	67306079	12668	-0.1811
AQUAE_p_TCGA_112_304_b2_N_GenomeWideSNP_6_D10_1348300	10	67306158	67322795	31	0.4769
AQUAE_p_TCGA_112_304_b2_N_GenomeWideSNP_6_D10_1348300	10	67322926	81994177	9433	-0.1901
AQUAE_p_TCGA_112_304_b2_N_GenomeWideSNP_6_D10_1348300	10	81994318	81997078	2	-2.1898
AQUAE_p_TCGA_112_304_b2_N_GenomeWideSNP_6_D10_1348300	10	81997448	135506704	36523	-0.1967
AQUAE_p_TCGA_112_304_b2_N_GenomeWideSNP_6_D10_1348300	11	198510	4967251	2456	-0.2052
AQUAE_p_TCGA_112_304_b2_N_GenomeWideSNP_6_D10_1348300	11	4967376	4976371	36	0.4641
AQUAE_p_TCGA_112_304_b2_N_GenomeWideSNP_6_D10_1348300	11	4976389	6116105	1055	-0.1622
AQUAE_p_TCGA_112_304_b2_N_GenomeWideSNP_6_D10_1348300	11	6116843	6122094	5	-1.5617
AQUAE_p_TCGA_112_304_b2_N_GenomeWideSNP_6_D10_1348300	11	6122503	41176662	25058	-0.2045
AQUAE_p_TCGA_112_304_b2_N_GenomeWideSNP_6_D10_1348300	11	41179065	41180259	2	-2.2256
AQUAE_p_TCGA_112_304_b2_N_GenomeWideSNP_6_D10_1348300	11	41180539	55361361	5746	-0.2062
AQUAE_p_TCGA_112_304_b2_N_GenomeWideSNP_6_D10_1348300	11	55361410	55447332	58	0.1922
AQUAE_p_TCGA_112_304_b2_N_GenomeWideSNP_6_D10_1348300	11	55447465	86305817	17664	-0.1901
AQUAE_p_TCGA_112_304_b2_N_GenomeWideSNP_6_D10_1348300	11	86305875	86306054	3	-2.6527
AQUAE_p_TCGA_112_304_b2_N_GenomeWideSNP_6_D10_1348300	11	86315174	89474831	2100	-0.1828
AQUAE_p_TCGA_112_304_b2_N_GenomeWideSNP_6_D10_1348300	11	89487949	89501966	4	-2.1281
AQUAE_p_TCGA_112_304_b2_N_GenomeWideSNP_6_D10_1348300	11	89514228	107124815	12327	-0.1889
AQUAE_p_TCGA_112_304_b2_N_GenomeWideSNP_6_D10_1348300	11	107124925	107128014	3	-2.5234
AQUAE_p_TCGA_112_304_b2_N_GenomeWideSNP_6_D10_1348300	11	107138678	134944770	19882	-0.2075
AQUAE_p_TCGA_112_304_b2_N_GenomeWideSNP_6_D10_1348300	12	150442	8322838	5512	0.6467
AQUAE_p_TCGA_112_304_b2_N_GenomeWideSNP_6_D10_1348300	12	8325087	8584672	98	0.1334
AQUAE_p_TCGA_112_304_b2_N_GenomeWideSNP_6_D10_1348300	12	8594894	11214145	1610	0.6736
AQUAE_p_TCGA_112_304_b2_N_GenomeWideSNP_6_D10_1348300	12	11215372	11256829	17	1.3396
AQUAE_p_TCGA_112_304_b2_N_GenomeWideSNP_6_D10_1348300	12	11260275	114131835	63672	0.6438
AQUAE_p_TCGA_112_304_b2_N_GenomeWideSNP_6_D10_1348300	12	114134157	114134161	2	-1.1561
AQUAE_p_TCGA_112_304_b2_N_GenomeWideSNP_6_D10_1348300	12	114137465	133778189	13536	0.6294
AQUAE_p_TCGA_112_304_b2_N_GenomeWideSNP_6_D10_1348300	13	19026949	20121459	563	-0.1869
AQUAE_p_TCGA_112_304_b2_N_GenomeWideSNP_6_D10_1348300	13	20123895	20123910	2	4.9464
AQUAE_p_TCGA_112_304_b2_N_GenomeWideSNP_6_D10_1348300	13	20124501	23633004	2315	-0.1922
AQUAE_p_TCGA_112_304_b2_N_GenomeWideSNP_6_D10_1348300	13	23633131	23633515	6	-2.1129
AQUAE_p_TCGA_112_304_b2_N_GenomeWideSNP_6_D10_1348300	13	23638195	38067143	10538	-0.2002
AQUAE_p_TCGA_112_304_b2_N_GenomeWideSNP_6_D10_1348300	13	38067575	38088330	21	0.4439
AQUAE_p_TCGA_112_304_b2_N_GenomeWideSNP_6_D10_1348300	13	38088374	58584790	12888	-0.1735
AQUAE_p_TCGA_112_304_b2_N_GenomeWideSNP_6_D10_1348300	13	58590281	58591107	3	-2.7854
AQUAE_p_TCGA_112_304_b2_N_GenomeWideSNP_6_D10_1348300	13	58593272	72804900	8771	-0.1721
AQUAE_p_TCGA_112_304_b2_N_GenomeWideSNP_6_D10_1348300	13	72808482	72809428	2	-2.3864
AQUAE_p_TCGA_112_304_b2_N_GenomeWideSNP_6_D10_1348300	13	72813062	84105849	7548	-0.176
AQUAE_p_TCGA_112_304_b2_N_GenomeWideSNP_6_D10_1348300	13	84106472	84150248	38	-4.5619
AQUAE_p_TCGA_112_304_b2_N_GenomeWideSNP_6_D10_1348300	13	84151019	84156012	3	-2.2076
AQUAE_p_TCGA_112_304_b2_N_GenomeWideSNP_6_D10_1348300	13	84161129	85743551	1005	-0.1635
AQUAE_p_TCGA_112_304_b2_N_GenomeWideSNP_6_D10_1348300	13	85749320	85749390	2	-2.5859
AQUAE_p_TCGA_112_304_b2_N_GenomeWideSNP_6_D10_1348300	13	85754653	115108397	19994	-0.1908
AQUAE_p_TCGA_112_304_b2_N_GenomeWideSNP_6_D10_1348300	14	19002124	20424926	188	-0.592
AQUAE_p_TCGA_112_304_b2_N_GenomeWideSNP_6_D10_1348300	14	20425509	74006707	33825	-0.1824
AQUAE_p_TCGA_112_304_b2_N_GenomeWideSNP_6_D10_1348300	14	74006851	74020979	7	-1.5528
AQUAE_p_TCGA_112_304_b2_N_GenomeWideSNP_6_D10_1348300	14	74029900	106460902	20626	-0.1864
AQUAE_p_TCGA_112_304_b2_N_GenomeWideSNP_6_D10_1348300	14	106479675	106547314	30	-0.4763
AQUAE_p_TCGA_112_304_b2_N_GenomeWideSNP_6_D10_1348300	14	106547507	106715330	75	-1.8965
AQUAE_p_TCGA_112_304_b2_N_GenomeWideSNP_6_D10_1348300	14	106715489	106746725	15	-2.9938
AQUAE_p_TCGA_112_304_b2_N_GenomeWideSNP_6_D10_1348300	14	106746958	106754003	8	-0.0488
AQUAE_p_TCGA_112_304_b2_N_GenomeWideSNP_6_D10_1348300	14	106756858	106783044	13	-1.5268
AQUAE_p_TCGA_112_304_b2_N_GenomeWideSNP_6_D10_1348300	14	106796025	106821736	11	0.919
AQUAE_p_TCGA_112_304_b2_N_GenomeWideSNP_6_D10_1348300	14	106825916	107285437	303	-0.1647
AQUAE_p_TCGA_112_304_b2_N_GenomeWideSNP_6_D10_1348300	15	20016328	20269773	57	-0.3062
AQUAE_p_TCGA_112_304_b2_N_GenomeWideSNP_6_D10_1348300	15	20284066	22587474	362	-0.6964
AQUAE_p_TCGA_112_304_b2_N_GenomeWideSNP_6_D10_1348300	15	22673399	24674887	1000	-0.2139
AQUAE_p_TCGA_112_304_b2_N_GenomeWideSNP_6_D10_1348300	15	24675133	24714839	33	-1.4656
AQUAE_p_TCGA_112_304_b2_N_GenomeWideSNP_6_D10_1348300	15	24714858	84542885	37037	-0.1931
AQUAE_p_TCGA_112_304_b2_N_GenomeWideSNP_6_D10_1348300	15	84543250	84543550	4	-2.966
AQUAE_p_TCGA_112_304_b2_N_GenomeWideSNP_6_D10_1348300	15	84547277	93853885	6714	-0.1972
AQUAE_p_TCGA_112_304_b2_N_GenomeWideSNP_6_D10_1348300	15	93855311	93857552	2	-2.585
AQUAE_p_TCGA_112_304_b2_N_GenomeWideSNP_6_D10_1348300	15	93862414	102469040	6421	-0.205
AQUAE_p_TCGA_112_304_b2_N_GenomeWideSNP_6_D10_1348300	16	60777	2679668	889	0.6326
AQUAE_p_TCGA_112_304_b2_N_GenomeWideSNP_6_D10_1348300	16	2705941	2716313	9	0.0426
AQUAE_p_TCGA_112_304_b2_N_GenomeWideSNP_6_D10_1348300	16	2716435	16262559	10763	0.6273
AQUAE_p_TCGA_112_304_b2_N_GenomeWideSNP_6_D10_1348300	16	16263150	16263361	2	-2.3719
AQUAE_p_TCGA_112_304_b2_N_GenomeWideSNP_6_D10_1348300	16	16263713	16690800	61	0.5075
AQUAE_p_TCGA_112_304_b2_N_GenomeWideSNP_6_D10_1348300	16	16696401	16708594	4	-0.4165
AQUAE_p_TCGA_112_304_b2_N_GenomeWideSNP_6_D10_1348300	16	16714007	19944363	1700	0.6299
AQUAE_p_TCGA_112_304_b2_N_GenomeWideSNP_6_D10_1348300	16	19945650	19965875	28	-0.1437
AQUAE_p_TCGA_112_304_b2_N_GenomeWideSNP_6_D10_1348300	16	19967362	34445096	6956	0.6165
AQUAE_p_TCGA_112_304_b2_N_GenomeWideSNP_6_D10_1348300	16	34447886	34787983	193	1.1103
AQUAE_p_TCGA_112_304_b2_N_GenomeWideSNP_6_D10_1348300	16	34789924	55798222	6552	0.6322
AQUAE_p_TCGA_112_304_b2_N_GenomeWideSNP_6_D10_1348300	16	55798762	55798779	2	4.3249
AQUAE_p_TCGA_112_304_b2_N_GenomeWideSNP_6_D10_1348300	16	55804348	70842097	9002	0.6478
AQUAE_p_TCGA_112_304_b2_N_GenomeWideSNP_6_D10_1348300	16	70854381	71201073	138	0.2524
AQUAE_p_TCGA_112_304_b2_N_GenomeWideSNP_6_D10_1348300	16	71202489	90287535	15782	0.6356
AQUAE_p_TCGA_112_304_b2_N_GenomeWideSNP_6_D10_1348300	17	526	8242910	4507	-0.1894
AQUAE_p_TCGA_112_304_b2_N_GenomeWideSNP_6_D10_1348300	17	8247547	8247733	2	-3.0992
AQUAE_p_TCGA_112_304_b2_N_GenomeWideSNP_6_D10_1348300	17	8249458	9003477	496	-0.165
AQUAE_p_TCGA_112_304_b2_N_GenomeWideSNP_6_D10_1348300	17	9006192	9010284	4	-1.8716
AQUAE_p_TCGA_112_304_b2_N_GenomeWideSNP_6_D10_1348300	17	9010443	15527156	4937	-0.2254
AQUAE_p_TCGA_112_304_b2_N_GenomeWideSNP_6_D10_1348300	17	15543161	15546790	3	-3.1614
AQUAE_p_TCGA_112_304_b2_N_GenomeWideSNP_6_D10_1348300	17	15554278	44204373	13419	-0.1816
AQUAE_p_TCGA_112_304_b2_N_GenomeWideSNP_6_D10_1348300	17	44208144	44364170	94	-0.6581
AQUAE_p_TCGA_112_304_b2_N_GenomeWideSNP_6_D10_1348300	17	44394412	44784982	52	0.4056
AQUAE_p_TCGA_112_304_b2_N_GenomeWideSNP_6_D10_1348300	17	44785682	81049726	21474	-0.1842
AQUAE_p_TCGA_112_304_b2_N_GenomeWideSNP_6_D10_1348300	18	11543	27812385	15924	-0.1693
AQUAE_p_TCGA_112_304_b2_N_GenomeWideSNP_6_D10_1348300	18	27814548	27815968	4	-5.7383
AQUAE_p_TCGA_112_304_b2_N_GenomeWideSNP_6_D10_1348300	18	27818614	78015057	34447	-0.1526
AQUAE_p_TCGA_112_304_b2_N_GenomeWideSNP_6_D10_1348300	19	90910	4788427	1274	-0.1541
AQUAE_p_TCGA_112_304_b2_N_GenomeWideSNP_6_D10_1348300	19	4789484	4789525	2	-2.7077
AQUAE_p_TCGA_112_304_b2_N_GenomeWideSNP_6_D10_1348300	19	4795342	20594101	7663	-0.1651
AQUAE_p_TCGA_112_304_b2_N_GenomeWideSNP_6_D10_1348300	19	20594143	20716389	71	-2.0515
AQUAE_p_TCGA_112_304_b2_N_GenomeWideSNP_6_D10_1348300	19	20720881	21091179	208	-0.2409
AQUAE_p_TCGA_112_304_b2_N_GenomeWideSNP_6_D10_1348300	19	21100598	21133449	18	-0.8098
AQUAE_p_TCGA_112_304_b2_N_GenomeWideSNP_6_D10_1348300	19	21134084	59097854	19954	-0.1847
AQUAE_p_TCGA_112_304_b2_N_GenomeWideSNP_6_D10_1348300	20	61305	1560999	1195	0.625
AQUAE_p_TCGA_112_304_b2_N_GenomeWideSNP_6_D10_1348300	20	1561580	1597946	42	-0.0481
AQUAE_p_TCGA_112_304_b2_N_GenomeWideSNP_6_D10_1348300	20	1598106	54908860	35457	0.6262
AQUAE_p_TCGA_112_304_b2_N_GenomeWideSNP_6_D10_1348300	20	54909203	54912900	2	-1.1408
AQUAE_p_TCGA_112_304_b2_N_GenomeWideSNP_6_D10_1348300	20	54913960	62956153	5528	0.649
AQUAE_p_TCGA_112_304_b2_N_GenomeWideSNP_6_D10_1348300	21	10736871	48096957	24212	-0.1948
AQUAE_p_TCGA_112_304_b2_N_GenomeWideSNP_6_D10_1348300	22	16052528	16425145	60	-0.8789
AQUAE_p_TCGA_112_304_b2_N_GenomeWideSNP_6_D10_1348300	22	16425217	22473918	3222	-0.2575
AQUAE_p_TCGA_112_304_b2_N_GenomeWideSNP_6_D10_1348300	22	22474023	22474613	5	-2.6297
AQUAE_p_TCGA_112_304_b2_N_GenomeWideSNP_6_D10_1348300	22	22481498	23900447	1049	-0.2227
AQUAE_p_TCGA_112_304_b2_N_GenomeWideSNP_6_D10_1348300	22	23901705	23902620	2	-2.5714
AQUAE_p_TCGA_112_304_b2_N_GenomeWideSNP_6_D10_1348300	22	23905462	24271745	229	-0.2093
AQUAE_p_TCGA_112_304_b2_N_GenomeWideSNP_6_D10_1348300	22	24283016	24330218	25	-0.695
AQUAE_p_TCGA_112_304_b2_N_GenomeWideSNP_6_D10_1348300	22	24330269	24331967	2	-2.793
AQUAE_p_TCGA_112_304_b2_N_GenomeWideSNP_6_D10_1348300	22	24332625	39290920	10792	-0.2083
AQUAE_p_TCGA_112_304_b2_N_GenomeWideSNP_6_D10_1348300	22	39295255	39296904	3	-2.6364
AQUAE_p_TCGA_112_304_b2_N_GenomeWideSNP_6_D10_1348300	22	39299114	49688404	7237	-0.2047
AQUAE_p_TCGA_112_304_b2_N_GenomeWideSNP_6_D10_1348300	22	49688920	49691300	6	-1.9156
AQUAE_p_TCGA_112_304_b2_N_GenomeWideSNP_6_D10_1348300	22	49696851	51234455	803	-0.2935
AQUAE_p_TCGA_112_304_b2_N_GenomeWideSNP_6_D10_1348300	X	168477	55701259	32069	0.0132
AQUAE_p_TCGA_112_304_b2_N_GenomeWideSNP_6_D10_1348300	X	55702659	55707556	3	-2.8545
AQUAE_p_TCGA_112_304_b2_N_GenomeWideSNP_6_D10_1348300	X	55707686	56449960	374	-0.0148
AQUAE_p_TCGA_112_304_b2_N_GenomeWideSNP_6_D10_1348300	X	56453763	56512189	26	0.9175
AQUAE_p_TCGA_112_304_b2_N_GenomeWideSNP_6_D10_1348300	X	56515754	76349873	7366	0.001
AQUAE_p_TCGA_112_304_b2_N_GenomeWideSNP_6_D10_1348300	X	76353650	76523952	18	-1.0417
AQUAE_p_TCGA_112_304_b2_N_GenomeWideSNP_6_D10_1348300	X	76545159	155182354	44091	0.0098
AQUAE_p_TCGA_112_304_b2_N_GenomeWideSNP_6_D10_1348300	Y	2650438	2912181	132	-2.5733
AQUAE_p_TCGA_112_304_b2_N_GenomeWideSNP_6_D10_1348300	Y	2915500	6035471	701	-2.0364
AQUAE_p_TCGA_112_304_b2_N_GenomeWideSNP_6_D10_1348300	Y	6039351	6039663	2	-7.6439
AQUAE_p_TCGA_112_304_b2_N_GenomeWideSNP_6_D10_1348300	Y	6048274	6101425	33	-2.1316
AQUAE_p_TCGA_112_304_b2_N_GenomeWideSNP_6_D10_1348300	Y	6107901	6400205	120	-3.5747
AQUAE_p_TCGA_112_304_b2_N_GenomeWideSNP_6_D10_1348300	Y	6400537	7835713	719	-2.6422
AQUAE_p_TCGA_112_304_b2_N_GenomeWideSNP_6_D10_1348300	Y	7835840	7835847	2	-7.5751
AQUAE_p_TCGA_112_304_b2_N_GenomeWideSNP_6_D10_1348300	Y	7836378	9168140	732	-2.8594
AQUAE_p_TCGA_112_304_b2_N_GenomeWideSNP_6_D10_1348300	Y	9170545	9387994	21	-4.7634
AQUAE_p_TCGA_112_304_b2_N_GenomeWideSNP_6_D10_1348300	Y	9388262	9759564	159	-3.2205
AQUAE_p_TCGA_112_304_b2_N_GenomeWideSNP_6_D10_1348300	Y	9774614	15590276	951	-2.6675
AQUAE_p_TCGA_112_304_b2_N_GenomeWideSNP_6_D10_1348300	Y	15590342	15594523	3	-7.6029
AQUAE_p_TCGA_112_304_b2_N_GenomeWideSNP_6_D10_1348300	Y	15594889	19574890	2083	-2.7023
AQUAE_p_TCGA_112_304_b2_N_GenomeWideSNP_6_D10_1348300	Y	19576544	21024613	671	-3.3839
AQUAE_p_TCGA_112_304_b2_N_GenomeWideSNP_6_D10_1348300	Y	21025062	23859163	1085	-2.74
AQUAE_p_TCGA_112_304_b2_N_GenomeWideSNP_6_D10_1348300	Y	23859468	28452016	1038	-3.2685
AQUAE_p_TCGA_112_304_b2_N_GenomeWideSNP_6_D10_1348300	Y	28457337	59018259	175	-2.5767
